-4.436068411450833082e-04 2.915949225425720215e-01 6.076428666710853577e-02 -4.436068120412528515e-04 3.966353833675384521e-01 6.094588339328765869e-02
-4.436107992660254240e-04 3.966352939605712891e-01 6.094591692090034485e-02 -4.436107992660254240e-04 5.859973430633544922e-01 3.098055254667997360e-03
-4.436140297912061214e-04 5.859973430633544922e-01 3.098099958151578903e-03 -4.436140297912061214e-04 6.509961485862731934e-01 5.500081460922956467e-03
-4.436159797478467226e-04 6.509963870048522949e-01 5.500043742358684540e-03 -4.436159797478467226e-04 8.257248401641845703e-01 6.844403222203254700e-03
-4.276420176029205322e-02 7.415338754653930664e-01 4.580099880695343018e-02 -5.043974891304969788e-02 7.415338754653930664e-01 8.294460922479629517e-02
4.187667742371559143e-02 7.415339946746826172e-01 4.580076038837432861e-02 4.955222085118293762e-02 7.415339946746826172e-01 8.294436335563659668e-02
-2.164198830723762512e-02 5.807257890701293945e-01 1.427930127829313278e-02 -1.198614165186882019e-01 5.495278835296630859e-01 1.314415130764245987e-02
-1.198613792657852173e-01 5.495272874832153320e-01 1.314416527748107910e-02 -3.147258460521697998e-01 3.871121704578399658e-01 1.002743374556303024e-02
-3.148930072784423828e-01 3.874945938587188721e-01 9.295853786170482635e-03 -5.014194250106811523e-01 2.320877909660339355e-01 1.015957072377204895e-02
-5.013525485992431641e-01 2.319989651441574097e-01 1.035296265035867691e-02 -5.353161692619323730e-01 2.014721482992172241e-01 1.012907549738883972e-02
-5.086888670921325684e-01 2.186497598886489868e-01 3.916532173752784729e-02 -5.226162075996398926e-01 1.933007389307022095e-01 5.332335829734802246e-02
-5.226161479949951172e-01 1.933007389307022095e-01 5.332341790199279785e-02 -5.332934856414794922e-01 1.750841587781906128e-01 5.755744501948356628e-02
-5.332936048507690430e-01 1.750841587781906128e-01 5.755735933780670166e-02 -5.442837476730346680e-01 1.567641794681549072e-01 6.226437538862228394e-02
-5.604099631309509277e-01 1.798232346773147583e-01 3.683558851480484009e-02 -5.810183882713317871e-01 1.613871604204177856e-01 3.698905929923057556e-02
-5.810183882713317871e-01 1.613871604204177856e-01 3.698905929923057556e-02 -5.990513563156127930e-01 1.456544250249862671e-01 3.699729591608047485e-02
-5.990513563156127930e-01 1.456544250249862671e-01 3.699729591608047485e-02 -6.214681267738342285e-01 1.261122524738311768e-01 3.708682209253311157e-02
-5.626667141914367676e-01 1.786395907402038574e-01 1.840058341622352600e-02 -5.834456086158752441e-01 1.596371829509735107e-01 1.867433823645114899e-02
-5.834454894065856934e-01 1.596373021602630615e-01 1.867436617612838745e-02 -6.021332740783691406e-01 1.428156644105911255e-01 1.862318068742752075e-02
-6.021332740783691406e-01 1.428156644105911255e-01 1.862337440252304077e-02 -6.259669661521911621e-01 1.221178472042083740e-01 1.882186532020568848e-02
-5.607073903083801270e-01 1.794550418853759766e-01 6.726771243847906590e-04 -5.804865360260009766e-01 1.612975150346755981e-01 6.789950421079993248e-04
-5.804865956306457520e-01 1.612973958253860474e-01 6.787764141336083412e-04 -5.979397892951965332e-01 1.453775316476821899e-01 7.658326649107038975e-04
-5.979397296905517578e-01 1.453775316476821899e-01 7.657399983145296574e-04 -6.201236248016357422e-01 1.254456043243408203e-01 1.124134869314730167e-03
-5.557845234870910645e-01 1.820314973592758179e-01 -1.765766553580760956e-02 -5.738382935523986816e-01 1.651425063610076904e-01 -1.733536459505558014e-02
-5.738384127616882324e-01 1.651423871517181396e-01 -1.733539067208766937e-02 -5.842808485031127930e-01 1.554694324731826782e-01 -1.711563952267169952e-02
-5.842807888984680176e-01 1.554694324731826782e-01 -1.711557805538177490e-02 -6.005973219871520996e-01 1.413043886423110962e-01 -1.699171960353851318e-02
2.075492031872272491e-02 5.807262659072875977e-01 1.427958812564611435e-02 1.189743652939796448e-01 5.495283603668212891e-01 1.314444839954376221e-02
1.189741641283035278e-01 5.495278835296630859e-01 1.314470637589693069e-02 3.138386011123657227e-01 3.871127963066101074e-01 1.002797018736600876e-02
3.148929178714752197e-01 3.899194896221160889e-01 9.528862312436103821e-03 5.014193654060363770e-01 2.345127016305923462e-01 1.039257831871509552e-02
5.013530254364013672e-01 2.344243675470352173e-01 1.050510350614786148e-02 5.353167057037353516e-01 2.038975358009338379e-01 1.028121542185544968e-02
5.086898207664489746e-01 2.210752665996551514e-01 3.931792825460433960e-02 5.226171612739562988e-01 1.957262456417083740e-01 5.347597599029541016e-02
5.226171612739562988e-01 1.957262456417083740e-01 5.347605794668197632e-02 5.332944989204406738e-01 1.775095462799072266e-01 5.771007761359214783e-02
5.332947373390197754e-01 1.775094270706176758e-01 5.771016329526901245e-02 5.442848205566406250e-01 1.591893136501312256e-01 6.241716817021369934e-02
5.604094266891479492e-01 1.822496801614761353e-01 3.699146583676338196e-02 5.810179114341735840e-01 1.638134866952896118e-01 3.714494034647941589e-02
5.810181498527526855e-01 1.638132482767105103e-01 3.714490309357643127e-02 5.990511178970336914e-01 1.480806320905685425e-01 3.715313971042633057e-02
5.990508794784545898e-01 1.480806320905685425e-01 3.715323284268379211e-02 6.214676499366760254e-01 1.285383552312850952e-01 3.724276274442672729e-02
5.626664757728576660e-01 1.810660362243652344e-01 1.855632476508617401e-02 5.834454298019409180e-01 1.620636433362960815e-01 1.883007772266864777e-02
5.834456086158752441e-01 1.620638817548751831e-01 1.882999204099178314e-02 6.021333932876586914e-01 1.452422440052032471e-01 1.877880282700061798e-02
6.021334528923034668e-01 1.452423632144927979e-01 1.877886056900024414e-02 6.259671449661254883e-01 1.245445311069488525e-01 1.897735148668289185e-02
5.607066154479980469e-01 1.818817257881164551e-01 8.285175426863133907e-04 5.804858207702636719e-01 1.637240797281265259e-01 8.348355186171829700e-04
5.804858803749084473e-01 1.637243181467056274e-01 8.349948329851031303e-04 5.979389548301696777e-01 1.478044539690017700e-01 9.220492793247103691e-04
5.979389548301696777e-01 1.478044539690017700e-01 9.220307110808789730e-04 6.201229095458984375e-01 1.278724074363708496e-01 1.280427444726228714e-03
5.557834506034851074e-01 1.844581812620162964e-01 -1.750179566442966461e-02 5.738372206687927246e-01 1.675691902637481689e-01 -1.717948727309703827e-02
5.738372802734375000e-01 1.675693094730377197e-01 -1.717934012413024902e-02 5.842797756195068359e-01 1.578963547945022583e-01 -1.695958524942398071e-02
5.842795968055725098e-01 1.578963547945022583e-01 -1.695959270000457764e-02 6.005961298942565918e-01 1.437312066555023193e-01 -1.683573052287101746e-02
-4.435310547705739737e-04 2.864299416542053223e-01 6.198091432452201843e-02 -4.435310547705739737e-04 1.711618602275848389e-01 6.116307526826858521e-02
-8.134918659925460815e-02 1.239990815520286560e-01 4.163535311818122864e-02 -8.066881448030471802e-02 -3.608651161193847656e-01 3.271747007966041565e-02
-8.066877722740173340e-02 -3.608654141426086426e-01 3.271747753024101257e-02 -8.360986411571502686e-02 -8.681339025497436523e-01 -1.913515478372573853e-02
-8.360988646745681763e-02 -8.681339025497436523e-01 -1.913512311875820160e-02 -8.360988646745681763e-02 -9.944431185722351074e-01 1.571768820285797119e-01
8.046219497919082642e-02 1.239992007613182068e-01 4.163536056876182556e-02 7.978175580501556396e-02 -3.608649671077728271e-01 3.271480649709701538e-02
7.978174090385437012e-02 -3.608651161193847656e-01 3.271479904651641846e-02 8.272273093461990356e-02 -8.681338429450988770e-01 -1.913515478372573853e-02
8.272273093461990356e-02 -8.681337833404541016e-01 -1.913513429462909698e-02 8.272273093461990356e-02 -9.944430589675903320e-01 1.571768969297409058e-01
