2.082403004169464111e-02 1.267223358154296875e-01 9.503356367349624634e-02 6.605362892150878906e-02 -8.114749193191528320e-02 1.037763431668281555e-01
1.207255125045776367e-01 -2.903968468308448792e-02 7.664477825164794922e-02 1.166464015841484070e-01 -4.075066447257995605e-01 7.786301523447036743e-02
1.166464015841484070e-01 -4.075066447257995605e-01 7.786301523447036743e-02 8.497297763824462891e-02 -8.571547865867614746e-01 -2.196149900555610657e-02
8.497297763824462891e-02 -8.571547865867614746e-01 -2.196149900555610657e-02 6.314057111740112305e-02 -9.740650057792663574e-01 1.271420419216156006e-01
1.406447496265172958e-03 -5.227173864841461182e-02 1.415559947490692139e-01 2.118791453540325165e-02 -4.236124157905578613e-01 2.120542228221893311e-01
2.118791453540325165e-02 -4.236124157905578613e-01 2.120542228221893311e-01 -9.417323023080825806e-02 -7.840412259101867676e-01 -5.240063741803169250e-02
-9.417323023080825806e-02 -7.840412259101867676e-01 -5.240063741803169250e-02 -1.042302623391151428e-01 -9.500883817672729492e-01 4.089277982711791992e-02
2.082404308021068573e-02 1.267224550247192383e-01 9.503386169672012329e-02 1.232052594423294067e-02 2.075350135564804077e-01 9.723871946334838867e-02
1.232048217207193375e-02 2.075351327657699585e-01 9.723865985870361328e-02 9.871574548014905304e-06 4.396367967128753662e-01 5.574940890073776245e-02
9.901219527819193900e-06 4.396367967128753662e-01 5.574946850538253784e-02 -8.484603837132453918e-03 4.863497912883758545e-01 3.781281784176826477e-02
-8.484574034810066223e-03 4.863497912883758545e-01 3.781302273273468018e-02 1.555914408527314663e-03 7.471565604209899902e-01 1.537831313908100128e-02
3.661361336708068848e-02 5.686314702033996582e-01 8.506336063146591187e-02 4.178437963128089905e-02 5.729060769081115723e-01 1.115122213959693909e-01
-2.728980779647827148e-02 5.720033049583435059e-01 9.566237777471542358e-02 -2.212249673902988434e-02 5.762789845466613770e-01 1.221117973327636719e-01
4.327366873621940613e-02 3.958135247230529785e-01 3.814174979925155640e-02 8.710116147994995117e-02 4.428347051143646240e-01 3.558551892638206482e-02
8.710129559040069580e-02 4.428347051143646240e-01 3.558551892638206482e-02 1.558099091053009033e-01 6.593325138092041016e-01 1.265259385108947754e-01
1.558105200529098511e-01 6.593322753906250000e-01 1.265267431735992432e-01 1.938165277242660522e-01 8.347111940383911133e-01 2.263099253177642822e-01
1.914579868316650391e-01 8.350082635879516602e-01 2.265314310789108276e-01 2.244207412004470825e-01 1.019170999526977539e+00 2.212941795587539673e-01
1.821636855602264404e-01 9.074968099594116211e-01 2.262341529130935669e-01 1.773828864097595215e-01 9.334387183189392090e-01 2.184774130582809448e-01
1.773828864097595215e-01 9.334388375282287598e-01 2.184775471687316895e-01 1.734024882316589355e-01 9.535754323005676270e-01 2.107909619808197021e-01
1.734025478363037109e-01 9.535753130912780762e-01 2.107909023761749268e-01 1.689141392707824707e-01 9.765676259994506836e-01 2.027180939912796021e-01
1.992485523223876953e-01 9.046060442924499512e-01 2.227404415607452393e-01 1.980154812335968018e-01 9.354782104492187500e-01 2.126264721155166626e-01
1.980155855417251587e-01 9.354783296585083008e-01 2.126266956329345703e-01 1.969904005527496338e-01 9.572885632514953613e-01 2.047086209058761597e-01
1.969904005527496338e-01 9.572883248329162598e-01 2.047085911035537720e-01 1.955086886882781982e-01 9.812806248664855957e-01 1.945539414882659912e-01
2.157487571239471436e-01 9.013017416000366211e-01 2.193917632102966309e-01 2.191991657018661499e-01 9.256336092948913574e-01 2.107670158147811890e-01
2.191991657018661499e-01 9.256336092948913574e-01 2.107669264078140259e-01 2.230434864759445190e-01 9.486109614372253418e-01 2.049358636140823364e-01
2.230434566736221313e-01 9.486108422279357910e-01 2.049357891082763672e-01 2.267548143863677979e-01 9.721103906631469727e-01 1.990745067596435547e-01
2.304995954036712646e-01 8.983623385429382324e-01 2.163969874382019043e-01 2.365750074386596680e-01 9.160963296890258789e-01 2.102810144424438477e-01
2.365750819444656372e-01 9.160963296890258789e-01 2.102810144424438477e-01 2.423402965068817139e-01 9.315915107727050781e-01 2.061999589204788208e-01
2.423402816057205200e-01 9.315914511680603027e-01 2.061999589204788208e-01 2.485166788101196289e-01 9.505529999732971191e-01 2.001224458217620850e-01
1.773826032876968384e-01 8.636842370033264160e-01 2.417851090431213379e-01 1.665429323911666870e-01 8.848456740379333496e-01 2.541678547859191895e-01
1.665428727865219116e-01 8.848457932472229004e-01 2.541677355766296387e-01 1.606947183609008789e-01 9.067254066467285156e-01 2.605701684951782227e-01
1.606948375701904297e-01 9.067254066467285156e-01 2.605702280998229980e-01 1.490225791931152344e-01 9.428042173385620117e-01 2.642602920532226562e-01
-4.576062038540840149e-02 3.962048292160034180e-01 6.674860417842864990e-02 -8.497167378664016724e-02 4.410000741481781006e-01 9.112617373466491699e-02
-8.497188240289688110e-02 4.409999549388885498e-01 9.112623333930969238e-02 -1.072710007429122925e-01 6.609373688697814941e-01 1.972258090972900391e-01
-1.072705239057540894e-01 6.609381437301635742e-01 1.972237080335617065e-01 -7.842133939266204834e-02 8.488953709602355957e-01 2.729084491729736328e-01
-7.865988463163375854e-02 8.488171100616455078e-01 2.732238471508026123e-01 -8.517826348543167114e-02 1.035763025283813477e+00 2.670119702816009521e-01
-6.073594838380813599e-02 9.188683629035949707e-01 2.626113295555114746e-01 -5.621657520532608032e-02 9.437248706817626953e-01 2.517608106136322021e-01
-5.621651560068130493e-02 9.437249898910522461e-01 2.517609596252441406e-01 -5.309202894568443298e-02 9.631050229072570801e-01 2.420109510421752930e-01
-5.309202894568443298e-02 9.631050229072570801e-01 2.420109361410140991e-01 -4.906804487109184265e-02 9.854373335838317871e-01 2.320588976144790649e-01
-7.780203223228454590e-02 9.186888933181762695e-01 2.672128081321716309e-01 -7.685302942991256714e-02 9.490049481391906738e-01 2.555105090141296387e-01
-7.685308903455734253e-02 9.490048289299011230e-01 2.555103898048400879e-01 -7.627955824136734009e-02 9.705362915992736816e-01 2.468213438987731934e-01
-7.627952843904495239e-02 9.705362915992736816e-01 2.468213886022567749e-01 -7.580602169036865234e-02 9.944198131561279297e-01 2.363188564777374268e-01
-9.434240311384201050e-02 9.180098772048950195e-01 2.717234492301940918e-01 -9.783080965280532837e-02 9.425963163375854492e-01 2.638701200485229492e-01
-9.783080965280532837e-02 9.425963163375854492e-01 2.638702988624572754e-01 -1.005757004022598267e-01 9.659039378166198730e-01 2.587748467922210693e-01
-1.005757898092269897e-01 9.659040570259094238e-01 2.587746083736419678e-01 -1.029562056064605713e-01 9.898372292518615723e-01 2.540954053401947021e-01
-1.091275364160537720e-01 9.174175262451171875e-01 2.757538855075836182e-01 -1.147173643112182617e-01 9.359013438224792480e-01 2.717657089233398438e-01
-1.147173643112182617e-01 9.359017014503479004e-01 2.717657685279846191e-01 -1.193796321749687195e-01 9.521361589431762695e-01 2.695971727371215820e-01
-1.193795725703239441e-01 9.521360397338867188e-01 2.695972323417663574e-01 -1.246552318334579468e-01 9.719658493995666504e-01 2.659136950969696045e-01
-5.551590025424957275e-02 8.751301765441894531e-01 2.782309353351593018e-01 -3.753410279750823975e-02 8.944951295852661133e-01 2.827357649803161621e-01
-3.753418847918510437e-02 8.944952487945556641e-01 2.827357649803161621e-01 -2.645454742014408112e-02 9.152306914329528809e-01 2.838269770145416260e-01
-2.645451761782169342e-02 9.152306914329528809e-01 2.838269174098968506e-01 -9.438382461667060852e-03 9.488627910614013672e-01 2.782697081565856934e-01
