-2.268790155649185181e-01 2.790116369724273682e-01 -5.268830433487892151e-02 -2.277279496192932129e-01 4.220180809497833252e-01 -6.837725639343261719e-02
-2.295028567314147949e-01 5.137607455253601074e-01 -9.785674512386322021e-02 -2.302368879318237305e-01 5.922187566757202148e-01 -8.819489181041717529e-02
-2.333705574274063110e-01 6.383163332939147949e-01 -1.032888293266296387e-01 -2.348222583532333374e-01 7.098777294158935547e-01 -1.080019548535346985e-01
-2.348222732543945312e-01 7.098779678344726562e-01 -1.080019995570182800e-01 -2.254588454961776733e-01 7.806776165962219238e-01 -1.012864336371421814e-01
-1.542656570672988892e-01 7.941805124282836914e-01 -8.659787476062774658e-02 -1.195115894079208374e-01 7.767537236213684082e-01 -6.565735489130020142e-02
-2.096571773290634155e-01 7.962087392807006836e-01 -3.074757941067218781e-02 -1.857214123010635376e-01 7.798173427581787109e-01 2.545769559219479561e-03
-1.917730420827865601e-01 6.117612123489379883e-01 -1.090062931180000305e-01 -1.254655569791793823e-01 6.275102496147155762e-01 -1.332106143236160278e-01
-1.254654973745346069e-01 6.275098919868469238e-01 -1.332101523876190186e-01 1.397958993911743164e-01 6.873838305473327637e-01 -1.576784104108810425e-01
1.402810961008071899e-01 6.788164973258972168e-01 -1.608646661043167114e-01 3.945015966892242432e-01 7.725793123245239258e-01 -1.256959885358810425e-01
3.941104114055633545e-01 7.735705375671386719e-01 -1.255730986595153809e-01 4.080173969268798828e-01 7.868692874908447266e-01 -1.265226900577545166e-01
4.446976482868194580e-01 8.377370238304138184e-01 -9.751751273870468140e-02 4.736706316471099854e-01 8.478221297264099121e-01 -8.895790576934814453e-02
4.736708998680114746e-01 8.478221297264099121e-01 -8.895783871412277222e-02 4.919017851352691650e-01 8.568872809410095215e-01 -8.425612002611160278e-02
4.919016063213348389e-01 8.568870425224304199e-01 -8.425600081682205200e-02 5.125730633735656738e-01 8.730285167694091797e-01 -8.077578246593475342e-02
4.546542167663574219e-01 8.302568793296813965e-01 -1.175903379917144775e-01 4.891301691532135010e-01 8.255494832992553711e-01 -1.092359647154808044e-01
4.891302287578582764e-01 8.255496025085449219e-01 -1.092361956834793091e-01 5.102509260177612305e-01 8.283375501632690430e-01 -1.062067523598670959e-01
5.102508664131164551e-01 8.283376693725585938e-01 -1.062067821621894836e-01 5.347034335136413574e-01 8.330047726631164551e-01 -1.032075136899948120e-01
4.660724699497222900e-01 7.978256940841674805e-01 -1.457867771387100220e-01 4.864890575408935547e-01 7.842725515365600586e-01 -1.477965116500854492e-01
4.864891171455383301e-01 7.842726707458496094e-01 -1.477964669466018677e-01 4.996549189090728760e-01 7.755576968193054199e-01 -1.489126384258270264e-01
4.996547400951385498e-01 7.755576968193054199e-01 -1.489125490188598633e-01 5.163621306419372559e-01 7.652297019958496094e-01 -1.517860442399978638e-01
4.621661007404327393e-01 8.150456547737121582e-01 -1.337616890668869019e-01 4.930564463138580322e-01 8.040646314620971680e-01 -1.315486878156661987e-01
4.930564463138580322e-01 8.040648698806762695e-01 -1.315486878156661987e-01 5.107907056808471680e-01 7.972546219825744629e-01 -1.312591135501861572e-01
5.107907056808471680e-01 7.972546219825744629e-01 -1.312591284513473511e-01 5.372080206871032715e-01 7.941174507141113281e-01 -1.346460133790969849e-01
4.104065895080566406e-01 7.842324376106262207e-01 -9.487018734216690063e-02 4.294949173927307129e-01 8.026524186134338379e-01 -6.891658902168273926e-02
4.294949173927307129e-01 8.026524186134338379e-01 -6.891658902168273926e-02 4.365860819816589355e-01 8.159054517745971680e-01 -5.041290819644927979e-02
4.365862607955932617e-01 8.159055709838867188e-01 -5.041281878948211670e-02 4.385748207569122314e-01 8.296554684638977051e-01 -3.104024194180965424e-02
-2.736687958240509033e-01 6.096826195716857910e-01 -9.835153818130493164e-02 -3.445904254913330078e-01 5.956092476844787598e-01 -9.997388720512390137e-02
-3.445903658866882324e-01 5.956086516380310059e-01 -9.997387230396270752e-02 -4.341156482696533203e-01 4.272305071353912354e-01 -2.953740954399108887e-01
-4.350875020027160645e-01 4.310595095157623291e-01 -2.980860769748687744e-01 -3.476241230964660645e-01 2.638748586177825928e-01 -1.004609018564224243e-01
-3.447354733943939209e-01 2.617772221565246582e-01 -1.036623120307922363e-01 -3.461143672466278076e-01 2.593870460987091064e-01 -8.459551632404327393e-02
-3.297719359397888184e-01 2.784745693206787109e-01 -2.023092657327651978e-02 -3.235401213169097900e-01 2.716190218925476074e-01 1.024164818227291107e-02
-3.235401213169097900e-01 2.716190218925476074e-01 1.024164818227291107e-02 -3.096685409545898438e-01 2.649807035923004150e-01 2.438926510512828827e-02
-3.096685409545898438e-01 2.649807035923004150e-01 2.438926510512828827e-02 -2.861582636833190918e-01 2.562506794929504395e-01 3.281647711992263794e-02
-3.400579094886779785e-01 2.572129368782043457e-01 -2.059574984014034271e-02 -3.328047990798950195e-01 2.438076436519622803e-01 1.178065408021211624e-02
-3.328047990798950195e-01 2.438076436519622803e-01 1.178051345050334930e-02 -3.185106217861175537e-01 2.342988997697830200e-01 2.475343085825443268e-02
-3.185105919837951660e-01 2.342990189790725708e-01 2.475348860025405884e-02 -2.954882383346557617e-01 2.246788442134857178e-01 2.722941711544990540e-02
-3.463824987411499023e-01 2.172110527753829956e-01 -3.895419090986251831e-02 -3.463328182697296143e-01 1.969826966524124146e-01 -2.497650682926177979e-02
-3.463328182697296143e-01 1.969825774431228638e-01 -2.497640252113342285e-02 -3.405061066150665283e-01 1.836549341678619385e-01 -1.873471587896347046e-02
-3.405061066150665283e-01 1.836549341678619385e-01 -1.873476244509220123e-02 -3.282488882541656494e-01 1.682373732328414917e-01 -1.626080274581909180e-02
-3.447417318820953369e-01 2.354692667722702026e-01 -2.798463404178619385e-02 -3.395341038703918457e-01 2.179659307003021240e-01 -6.678543286398053169e-04
-3.395341932773590088e-01 2.179656922817230225e-01 -6.677876226603984833e-04 -3.278518915176391602e-01 2.068743109703063965e-01 9.405621327459812164e-03
-3.278520107269287109e-01 2.068741917610168457e-01 9.405505843460559845e-03 -3.063757717609405518e-01 1.912840902805328369e-01 1.326652243733406067e-02
-3.175829350948333740e-01 2.733826339244842529e-01 -8.245038986206054688e-02 -3.044356405735015869e-01 2.843011319637298584e-01 -4.950822517275810242e-02
-3.044356405735015869e-01 2.843011319637298584e-01 -4.950822517275810242e-02 -3.007323145866394043e-01 2.912880778312683105e-01 -2.701865695416927338e-02
-3.007322847843170166e-01 2.912879586219787598e-01 -2.701865509152412415e-02 -3.009899556636810303e-01 3.055504560470581055e-01 1.658176421187818050e-03
-2.278372049331665039e-01 2.299771159887313843e-01 -3.943805396556854248e-02 -2.254945039749145508e-01 2.648819386959075928e-01 -6.313028186559677124e-02
-1.525769829750061035e-01 1.472543776035308838e-01 -2.125135436654090881e-02 -1.518535315990447998e-01 -3.546104431152343750e-01 -5.688751488924026489e-02
-1.518535315990447998e-01 -3.546104431152343750e-01 -5.688751861453056335e-02 -1.284668445587158203e-01 -8.624723553657531738e-01 -1.231775283813476562e-01
-1.284668296575546265e-01 -8.624723553657531738e-01 -1.231775134801864624e-01 -1.155387535691261292e-01 -9.488013386726379395e-01 4.048397019505500793e-02
-3.124351203441619873e-01 1.562399417161941528e-01 -2.382002584636211395e-02 -2.894967496395111084e-01 -3.452202379703521729e-01 -5.773689970374107361e-02
-2.894967496395111084e-01 -3.452205359935760498e-01 -5.773690715432167053e-02 -2.887943387031555176e-01 -8.538330793380737305e-01 -1.223726570606231689e-01
-2.887943387031555176e-01 -8.538331389427185059e-01 -1.223726347088813782e-01 -2.943951785564422607e-01 -9.468597173690795898e-01 3.750412911176681519e-02
